18 
36 
54 
72 
90 
108 
126 
144 
162 
180 
198 
216 
252 
270 
288 
306 
324 
342 
360 
378 
396 
414 
432 
450 
468 
486 
504 
522 
540 
558 
576 
594 
612 
630 
648 
666 
684 
702 
720 
738 
756 
774 
792 
810 
828 
846 
864 
900 
918 
936 
954 
972 
990 
1008 
1026 
1044 
1062 
1080 
1098 
1116 
1134 
1152 
1170 
1188 
1206 
1224 
1242 
1260 
1278 
1296 
1314 
1332 
1350 
1368 
1404 
1422 
1476 
1494 
1512 
1530 
1548 
1566 
1584 
1602 
1620 
1638 
1656 
1674 
1692 
1710 
1728 
1746 
1764 
1782 
1800 
1818 
1836 
1854 
1872 
1890 
1908 
1926 
1944 
1962 
1980 
1998 
2016 
2052 
2070 
2088 
2106 
2124 
2142 
2160 
2178 
2196 
2214 
2232 
2250 
2268 
2286 
2304 
2322 
2340 
2358 
2376 
2394 
2412 
2448 
2466 
2520 
2538 
2556 
2574 
2592 
2610 
2628 
2646 
2664 
2682 
2700 
2718 
2736 
2754 
2772 
2790 
2808 
2826 
2844 
2862 
2880 
2898 
2916 
2934 
2952 
2970 
2988 
3006 
3024 
3042 
3060 
3078 
3096 
3114 
3132 
3150 
3168 
3186 
3204 
3222 
3240 
3258 
3276 
3294 
3312 
3330 
3348 
3366 
3384 
3402 
3420 
3438 
3456 
3474 
3492 
3510 
3546 
3564 
3582 
3600 
3618 
3636 
3654 
3672 
3690 
3708 
3726 
3744 
3762 
3780 
3816 
3834 
3852 
3870 
3888 
3906 
3924 
3942 
3960 
3978 
3996 
4014 
4032 
4050 
4068 
4086 
4104 
4122 
4140 
4176 
4194 
4212 
4230 
4248 
4266 
4284 
4302 
4320 
4338 
4356 
4374 
4392 
4410 
4428 
4446 
4464 
4482 
4500 
4518 
4536 
4554 
4572 
4590 
4608 
4626 
4644 
4662 
4680 
4698 
4716 
4734 
4752 
4770 
4788 
4806 
4824 
4842 
4860 
4878 
4896 
4914 
4932 
4950 
4968 
4986 
5004 
5022 
5040 
5058 
5076 
5094 
5112 
5130 
5148 
5166 
5184 
5202 
5220 
5238 
5256 
5274 
5292 
5310 
5328 
5346 
5364 
5382 
5400 
5418 
5436 
5454 
5472 
5490 
5508 
5526 
5544 
5562 
5580 
5598 
5616 
5634 
5652 
5670 
5688 
5706 
5724 
5742 
5760 
5778 
5796 
5832 
5868 
5886 
5904 
5922 
5940 
5958 
5976 
5994 
6030 
6048 
6066 
6084 
6102 
6120 
6138 
6174 
6192 
6210 
6228 
6246 
6264 
6282 
6300 
6318 
6336 
6354 
6372 
6390 
6426 
6444 
6462 
6480 
6498 
6516 
6534 
6552 
6570 
6588 
6606 
6624 
6642 
6660 
6678 
6714 
6732 
6750 
6768 
6786 
6804 
6822 
6840 
6858 
6876 
6894 
6912 
6930 
6948 
6966 
6984 
7002 
7020 
7038 
7056 
7074 
7092 
7128 
7146 
7164 
7182 
7200 
7236 
7254 
7272 
7290 
7308 
7326 
7344 
7362 
7380 
7398 
7416 
7434 
7452 
7470 
7488 
7506 
7524 
7542 
7560 
7578 
7596 
7614 
7632 
7650 
7668 
7686 
7704 
7722 
7740 
7758 
7776 
7794 
7812 
7830 
7848 
7866 
7884 
7902 
7920 
7938 
7956 
7974 
7992 
8010 
8028 
8046 
8064 
8082 
8100 
8118 
8136 
8190 
8208 
8226 
8244 
8262 
8280 
8298 
8316 
8352 
8370 
8388 
8406 
8424 
8442 
8460 
8478 
8496 
8514 
8532 
8568 
8586 
8604 
8622 
8640 
8658 
8676 
8694 
8712 
8730 
8748 
8766 
8784 
8802 
8820 
8856 
8874 
8892 
8910 
8928 
8946 
8964 
8982 
9000 
9018 
9036 
9054 
9072 
9090 
9108 
9126 
9144 
9180 
9198 
9216 
9234 
9252 
9270 
9288 
9306 
9324 
9342 
9360 
9378 
9396 
9450 
9468 
9486 
9504 
9522 
9540 
9558 
9576 
9594 
9612 
9630 
9648 
9666 
9684 
9702 
9720 
9738 
9756 
9774 
9792 
9810 
9828 
9846 
9864 
9882 
9918 
9936 
9954 
9972 
9990 
10008 
10044 
10062 
10080 
10098 
10116 
10134 
10152 
10170 
10188 
10206 
10224 
10242 
10278 
10296 
10314 
10332 
10350 
10368 
10386 
10404 
10422 
10440 
10458 
10476 
10494 
10512 
10548 
10566 
10584 
10602 
10620 
10638 
10656 
10674 
10710 
10728 
10746 
10764 
10782 
10800 
10818 
10836 
10854 
10872 
10890 
10908 
10926 
10944 
10962 
10980 
10998 
11016 
11034 
11052 
11070 
11088 
11106 
11124 
11142 
11160 
11178 
11196 
11214 
11232 
11250 
11268 
11286 
11304 
11322 
11358 
11376 
11394 
11412 
11430 
11448 
11466 
11484 
11502 
11520 
11538 
11556 
11574 
11610 
11628 
11646 
11664 
11700 
11718 
11736 
11754 
11772 
11790 
11808 
11844 
11862 
11880 
11898 
11916 
11934 
11952 
11988 
12006 
12024 
12042 
12060 
12078 
12096 
12114 
12132 
12150 
12168 
12186 
12204 
12222 
12240 
12258 
12276 
12294 
12312 
12330 
12348 
12366 
12384 
12402 
12420 
12438 
12456 
12474 
12492 
12510 
12528 
12546 
12564 
12582 
12600 
12618 
12636 
12654 
12672 
12690 
12708 
12726 
12744 
12762 
12780 
12798 
12816 
12834 
12852 
12870 
12888 
12906 
12924 
12942 
12960 
12978 
12996 
13014 
13032 
13050 
13068 
13086 
13104 
13122 
13140 
13158 
13176 
13194 
13212 
13230 
13248 
13266 
13284 
13302 
13320 
13338 
13356 
13374 
13410 
13428 
13446 
13464 
13482 
13518 
13536 
13554 
13572 
13590 
13608 
13626 
13644 
13680 
13698 
13716 
13734 
13752 
13770 
13788 
13806 
13824 
13842 
13860 
13878 
13914 
13932 
13950 
13968 
13986 
14004 
14022 
14040 
14058 
14076 
14094 
14112 
14130 
14148 
14166 
14184 
14202 
14220 
14238 
14256 
14274 
14292 
14310 
14328 
14364 
14382 
14400 
14418 
14436 
14454 
14472 
14490 
14508 
14526 
14544 
14562 
14580 
14598 
14616 
14634 
14652 
14670 
14688 
14706 
14742 
14760 
14778 
14796 
14814 
14832 
14850 
14886 
14904 
14922 
14940 
14958 
14976 
14994 
15030 
15048 
15066 
15084 
15102 
15120 
15138 
15156 
15192 
15210 
15246 
15264 
15282 
15318 
15336 
15354 
15372 
15390 
15408 
15426 
15444 
15462 
15480 
15516 
15534 
15552 
15588 
15624 
15642 
15660 
15678 
15696 
15714 
15732 
15750 
15768 
15786 
15804 
15822 
15840 
15876 
15894 
15912 
15930 
15948 
15966 
15984 
16002 
16020 
16038 
16056 
16074 
16092 
16110 
16128 
16146 
16164 
16182 
16200 
16218 
16236 
16254 
16272 
16290 
16308 
16326 
16344 
16362 
16380 
16398 
16434 
16452 
16470 
16488 
16506 
16524 
16542 
16560 
16578 
16596 
16614 
16632 
16650 
16668 
16686 
16704 
16722 
16740 
16794 
16812 
16830 
16848 
16866 
16884 
16902 
16920 
16938 
16956 
16974 
16992 
17010 
17028 
17046 
17064 
17082 
17100 
17118 
17136 
17154 
17172 
17190 
17226 
17244 
17262 
17280 
17298 
17316 
17334 
17352 
17370 
17388 
17406 
17424 
17442 
17460 
17478 
17514 
17532 
17550 
17568 
17622 
17640 
17658 
17676 
17694 
17712 
17730 
17748 
17766 
17784 
17802 
17820 
17838 
17856 
17874 
17892 
17910 
17928 
17946 
17964 
17982 
18000 
18018 
18036 
18054 
18072 
18090 
18108 
18126 
18144 
18162 
18180 
18198 
18216 
18234 
18252 
18270 
18288 
18306 
18324 
18342 
18360 
18378 
18396 
18414 
18432 
18450 
18468 
18486 
18504 
18522 
18540 
18558 
18576 
18594 
18612 
18630 
18648 
18666 
18684 
18702 
18720 
18738 
18756 
18774 
18792 
18810 
18828 
18846 
18864 
18882 
18900 
18918 
18936 
18954 
18972 
18990 
19008 
19026 
19044 
19062 
19080 
19098 
19116 
19134 
19152 
19170 
19188 
19206 
19224 
19242 
19260 
19278 
19296 
19314 
19332 
19350 
19368 
19386 
19404 
19422 
19440 
19458 
19476 
19494 
19512 
19530 
19548 
19566 
19584 
19602 
19620 
19638 
19656 
19674 
19692 
19710 
19728 
19746 
19764 
19782 
19800 
19818 
19836 
19854 
19872 
19890 
19908 
19926 
19944 
19962 
19980 
19998 
20016 
20034 
20052 
20070 
20088 
20106 
20124 
20142 
20160 
20178 
20196 
20214 
20232 
20250 
20268 
20286 
20304 
20322 
20340 
20358 
20376 
20394 
20412 
20430 
20448 
20466 
20484 
20502 
20520 
20538 
20556 
20574 
20592 
20610 
20628 
20646 
20664 
20682 
20700 
20718 
20736 
20754 
20772 
20790 
20808 
20826 
20844 
20862 
20880 
20898 
20916 
20934 
20952 
20970 
20988 
21006 
21024 
21042 
21060 
21078 
21096 
21114 
21132 
21150 
21168 
21186 
21204 
21222 
21240 
21258 
21276 
21294 
21312 
21330 
21348 
21366 
21384 
21402 
21420 
21438 
21456 
21474 
21492 
21510 
21528 
21546 
21564 
21582 
21618 
21636 
21654 
21690 
21708 
21726 
21744 
21762 
21780 
21798 
21816 
21834 
21852 
21870 
21888 
21906 
21924 
21942 
21960 
21978 
21996 
22014 
22032 
22050 
22086 
22104 
22122 
22140 
22158 
22176 
22194 
22212 
22230 
22248 
22266 
22284 
22302 
22320 
22338 
22356 
22374 
22410 
22428 
22446 
22464 
22482 
22500 
22518 
22536 
22554 
22590 
22608 
22626 
22644 
22662 
22680 
22698 
22716 
22752 
22770 
22788 
22806 
22824 
22842 
22860 
22878 
22896 
22914 
22950 
22986 
23004 
23022 
23040 
23058 
23076 
23094 
23112 
23130 
23148 
23166 
23184 
23202 
23220 
23256 
23274 
23292 
23310 
23328 
23346 
23364 
23382 
23400 
23418 
23436 
23454 
23472 
23490 
23508 
23526 
23562 
23580 
23598 
23616 
23634 
23652 
23670 
23688 
23706 
23724 
23742 
23760 
23778 
23796 
23814 
23832 
23850 
23868 
23886 
23904 
23922 
23940 
23958 
23976 
23994 
24012 
24048 
24066 
24084 
24102 
24120 
24138 
24156 
24174 
24192 
24210 
24228 
24246 
24282 
24300 
24318 
24336 
24354 
24372 
24390 
24408 
24426 
24444 
24462 
24480 
24498 
24516 
24534 
24552 
24570 
24588 
24606 
24624 
24642 
24660 
24696 
24714 
24732 
24750 
24768 
24786 
24804 
24822 
24840 
24858 
24876 
24894 
24930 
24948 
24966 
24984 
25020 
25038 
25056 
25074 
25092 
25110 
25128 
25146 
25164 
25182 
25200 
25218 
25236 
25254 
25290 
25308 
25326 
25344 
25362 
25380 
25398 
25416 
25434 
25452 
25470 
25488 
25524 
25542 
25560 
25578 
25632 
25650 
25668 
25704 
25722 
25740 
25758 
25776 
25794 
25830 
25848 
25866 
25884 
25902 
25920 
25938 
25974 
25992 
26010 
26046 
26064 
26082 
26100 
26118 
26136 
26154 
26172 
26190 
26208 
26226 
26244 
26262 
26280 
26298 
26316 
26334 
26352 
26370 
26388 
26406 
26424 
26442 
26460 
26478 
26496 
26514 
26532 
26550 
26568 
26586 
26604 
26622 
26640 
26658 
26676 
26712 
26730 
26748 
26766 
26784 
26802 
26820 
26838 
26856 
26874 
26892 
26910 
26928 
26946 
26964 
26982 
27000 
27018 
27036 
27054 
27072 
27090 
27108 
27126 
27144 
27162 
27180 
27198 
27216 
27234 
27252 
27270 
27288 
27306 
27324 
27342 
27360 
27378 
27396 
27414 
27432 
27450 
27468 
27486 
27504 
27522 
27540 
27558 
27576 
27594 
27612 
27630 
27648 
27666 
27684 
27702 
27738 
27756 
27774 
27792 
27810 
27828 
27864 
27882 
27900 
27918 
27936 
27954 
27972 
27990 
28008 
28026 
28044 
28062 
28080 
28098 
28116 
28134 
28152 
28170 
28188 
28206 
28224 
28260 
28278 
28296 
28314 
28332 
28368 
28386 
28404 
28422 
28440 
28458 
28476 
28494 
28512 
28530 
28548 
28566 
28584 
28602 
28656 
28674 
28692 
28710 
28728 
28746 
28764 
28782 
28800 
28818 
28836 
28854 
28872 
28890 
28908 
28926 
28944 
28962 
28980 
28998 
29016 
29034 
29070 
29106 
29124 
29142 
29160 
29178 
29196 
29214 
29232 
29250 
29268 
29286 
29304 
29322 
29340 
29358 
29376 
29394 
29412 
29430 
29448 
29466 
29484 
29502 
29520 
29538 
29556 
29574 
29592 
29610 
29628 
29646 
29664 
29682 
29700 
29718 
29736 
29754 
29772 
29790 
29808 
29826 
29844 
29862 
29880 
29898 
29916 
29934 
29952 
29970 
29988 
30006 
30024 
30042 
30060 
30078 
30096 
30114 
30132 
30168 
30186 
30204 
30222 
30258 
30276 
30294 
30312 
30330 
30348 
30366 
30384 
30402 
30420 
30438 
30456 
30474 
30492 
30510 
30528 
30546 
30582 
30600 
30618 
30636 
30654 
30672 
30690 
30708 
30726 
30744 
30762 
30780 
30816 
30834 
30852 
30870 
30888 
30906 
30924 
30942 
30960 
30978 
30996 
31014 
31050 
31068 
31086 
31104 
31122 
31140 
31158 
31176 
31194 
31212 
31230 
31248 
31266 
31284 
31302 
31320 
31338 
31356 
31374 
31392 
31410 
31428 
31446 
31464 
31482 
31500 
31518 
31536 
31554 
31572 
31590 
31608 
31626 
31644 
31662 
31680 
31698 
31716 
31734 
31752 
31770 
31788 
31806 
31824 
31842 
31860 
31878 
31896 
31914 
31932 
31950 
31968 
31986 
32004 
32022 
32040 
32058 
32076 
32094 
32112 
32130 
32148 
32166 
32184 
32202 
32220 
32238 
32256 
32274 
32292 
32310 
32328 
32346 
32364 
32382 
32418 
32436 
32454 
32472 
32490 
32508 
32526 
32544 
32562 
32598 
32616 
32634 
32652 
32670 
32688 
32706 
32724 
32742 
32760 
32778 
32796 
32814 
32832 
32850 
32868 
32886 
32904 
32922 
32940 
32958 
32976 
32994 
33012 
33030 
33048 
33066 
33084 
33102 
33120 
33138 
33156 
33174 
33192 
33210 
33228 
33246 
33264 
33282 
33300 
33318 
33354 
33390 
33408 
33444 
33462 
33480 
33498 
33516 
33534 
33570 
33588 
33606 
33624 
33642 
33660 
33678 
33696 
33714 
33732 
33750 
33768 
33786 
33804 
33822 
33840 
33858 
33876 
33894 
33912 
33930 
33948 
33966 
33984 
34002 
34020 
34038 
34056 
34074 
34092 
34110 
34128 
34146 
34164 
34182 
34200 
34218 
34236 
34254 
34272 
34290 
34308 
34326 
34344 
34362 
34380 
34398 
34416 
34434 
34452 
34470 
34488 
34506 
34524 
34542 
34560 
34578 
34596 
34614 
34632 
34650 
34668 
34686 
34704 
34722 
34740 
34758 
34776 
34794 
34812 
34830 
34848 
34866 
34884 
34902 
34920 
34938 
34956 
34974 
34992 
35010 
35028 
35046 
35064 
35082 
35100 
35118 
35136 
35154 
35172 
35190 
35208 
35226 
35244 
35262 
35280 
35298 
35316 
35334 
35352 
35370 
35388 
35406 
35424 
35442 
35460 
35478 
35496 
35514 
35532 
35550 
35568 
35586 
35604 
35622 
35640 
35658 
35676 
35694 
35712 
35730 
35748 
35766 
35784 
35802 
35820 
35838 
35856 
35874 
35892 
35910 
35928 
35946 
35964 
35982 
36000 
36018 
36036 
36054 
36072 
36090 
36126 
36144 
36162 
36180 
36198 
36216 
36234 
36270 
36306 
36324 
36342 
36360 
36378 
36396 
36414 
36432 
36450 
36486 
36504 
36522 
36540 
36558 
36576 
36594 
36612 
36630 
36648 
36666 
36684 
36702 
36720 
36738 
36756 
36774 
36792 
36810 
36828 
36846 
36864 
36882 
36900 
36918 
36936 
36954 
36972 
36990 
37008 
37026 
37044 
37062 
37080 
37098 
37116 
37134 
37152 
37170 
37188 
37206 
37224 
37260 
37278 
37296 
37314 
37332 
37386 
37404 
37422 
37440 
37458 
37476 
37494 
37512 
37530 
37548 
37566 
37584 
37602 
37620 
37638 
37656 
37674 
37692 
37710 
37728 
37764 
37782 
37800 
37818 
37836 
37854 
37872 
37890 
37908 
37926 
37944 
37962 
37980 
37998 
38016 
38034 
38052 
38070 
38088 
38106 
38124 
38142 
38178 
38196 
38214 
38232 
38250 
38268 
38286 
38304 
38322 
38340 
38358 
38376 
38394 
38412 
38430 
38448 
38466 
38484 
38502 
38520 
38538 
38556 
38574 
38592 
38610 
38628 
38646 
38664 
38682 
38718 
38736 
38754 
38772 
38790 
38808 
38826 
38844 
38880 
38898 
38916 
38934 
38952 
38970 
38988 
39006 
39024 
39042 
39078 
39096 
39114 
39132 
39150 
39168 
39186 
39204 
39222 
39240 
39258 
39276 
39294 
39330 
39348 
39366 
39384 
39402 
39420 
39438 
39456 
39474 
39492 
39510 
39528 
39546 
39582 
39600 
39618 
39636 
39654 
39672 
39690 
39708 
39726 
39744 
39762 
39780 
39798 
39816 
39834 
39852 
39870 
39906 
39924 
39942 
39960 
39978 
39996 
40014 
40032 
40050 
40068 
40086 
40104 
40122 
40140 
40158 
40176 
40212 
40230 
40248 
40266 
40302 
40320 
40338 
40356 
40374 
40392 
40410 
40428 
40446 
40464 
40482 
40500 
40518 
40536 
40572 
40590 
40608 
40626 
40644 
40662 
40680 
40698 
40716 
40734 
40752 
40770 
40788 
40806 
40824 
40842 
40860 
40878 
40896 
40914 
40932 
40950 
40968 
40986 
41022 
41040 
41058 
41076 
41112 
41130 
41148 
41166 
41184 
41202 
41220 
41238 
41256 
41274 
41292 
41310 
41328 
41346 
41364 
41382 
41400 
41418 
41436 
41454 
41472 
41490 
41508 
41526 
41544 
41562 
41580 
41598 
41616 
41634 
41652 
41670 
41688 
41706 
41724 
41742 
41760 
41778 
41796 
41814 
41832 
41850 
41868 
41886 
41922 
41940 
41958 
41976 
41994 
42012 
42030 
42048 
42066 
42084 
42102 
42120 
42138 
42156 
42174 
42192 
42210 
42228 
42246 
42264 
42282 
42300 
42318 
42336 
42354 
42372 
42390 
42408 
42426 
42444 
42462 
42480 
42498 
42516 
42534 
42552 
42570 
42588 
42606 
42624 
42660 
42678 
42696 
42732 
42750 
42768 
42804 
42822 
42840 
42858 
42876 
42894 
42912 
42930 
42948 
42966 
42984 
43002 
43020 
43038 
43056 
43074 
43092 
43110 
43128 
43146 
43164 
43182 
43200 
43218 
43254 
43272 
43290 
43308 
43326 
43344 
43362 
43380 
43398 
43416 
43434 
43452 
43470 
43488 
43506 
43524 
43542 
43560 
43596 
43614 
43632 
43650 
43668 
43704 
43722 
43740 
43758 
43776 
43794 
43812 
43830 
43848 
43866 
43884 
43902 
43920 
43938 
43956 
43992 
44010 
44028 
44046 
44064 
44082 
44100 
44118 
44136 
44154 
44172 
44190 
44208 
44226 
44244 
44262 
44280 
44298 
44316 
44334 
44352 
44370 
44388 
44406 
44424 
44442 
44460 
44496 
44586 
44604 
44622 
44640 
44658 
44676 
44694 
44712 
44730 
44748 
44766 
44784 
44802 
44820 
44838 
44856 
44874 
44892 
44910 
44928 
44946 
44964 
44982 
45000 
45018 
45036 
45054 
45072 
45090 
45108 
45126 
45144 
45162 
45180 
45198 
45216 
45234 
45252 
45270 
45288 
45306 
45324 
45342 
45360 
45378 
45396 
45432 
45450 
45468 
45486 
45504 
45522 
45540 
45558 
45576 
45594 
45612 
45630 
45648 
45666 
45684 
45702 
45720 
45738 
45756 
45792 
45810 
45828 
45846 
45864 
45882 
45900 
45918 
45936 
45954 
45972 
45990 
46008 
46026 
46044 
46062 
46080 
46098 
46116 
46134 
46152 
46170 
46188 
46242 
46278 
46296 
46332 
46350 
46368 
46386 
46404 
46422 
46440 
46458 
46476 
46494 
46512 
46530 
46548 
46566 
46584 
46602 
46620 
46638 
46656 
46674 
46692 
46710 
46728 
46746 
46764 
46782 
46800 
46818 
46836 
46854 
46872 
46890 
46908 
46926 
46944 
46962 
46980 
46998 
47016 
47034 
47052 
47070 
47088 
47106 
47124 
47142 
47160 
47178 
47196 
47214 
47232 
47250 
47268 
47286 
47304 
47322 
47340 
47376 
47394 
47412 
47430 
47466 
47502 
47520 
47538 
47556 
47574 
47592 
47610 
47628 
47646 
47664 
47682 
47700 
47718 
47736 
47754 
47772 
47790 
47808 
47826 
47844 
47862 
47880 
47898 
47916 
47934 
47952 
47970 
47988 
48006 
48024 
48042 
48078 
48096 
48114 
48132 
48150 
48168 
48186 
48204 
48222 
48258 
48276 
48294 
48312 
48330 
48348 
48366 
48384 
48402 
48420 
48438 
48456 
48474 
48492 
48510 
48528 
48564 
48582 
48600 
48618 
48636 
48654 
48672 
48690 
48708 
48726 
48762 
48780 
48798 
48816 
48834 
48852 
48870 
48888 
48906 
48924 
48942 
48960 
48978 
48996 
49014 
49032 
49050 
49068 
49086 
49104 
49122 
49140 
49158 
49176 
49194 
49212 
49230 
49248 
49266 
49284 
49302 
49320 
49338 
49356 
49374 
49428 
49446 
49464 
49482 
49518 
49536 
49554 
49572 
49590 
49608 
49626 
49644 
49662 
49680 
49698 
49734 
49752 
49770 
49788 
49806 
49824 
49842 
49860 
49878 
49896 
49914 
49932 
49950 
49968 
49986 
50004 
50022 
50040 
50058 
50076 
50094 
50112 
50130 
50148 
50166 
50184 
50202 
50220 
50238 
50256 
50292 
50310 
50328 
50346 
50364 
50382 
50400 
50418 
50454 
50472 
50490 
50508 
50526 
50544 
50562 
50580 
50616 
50634 
50652 
50670 
50706 
50742 
50760 
50778 
50796 
50832 
50850 
50868 
50904 
50922 
50940 
50958 
50976 
50994 
51012 
51030 
51048 
51066 
51084 
51102 
51120 
51138 
51156 
51174 
51192 
51228 
51246 
51264 
51282 
51300 
51318 
51336 
51354 
51372 
51390 
51408 
51426 
51444 
51462 
51480 
51498 
51516 
51534 
51552 
51570 
51588 
51606 
51624 
51642 
51660 
51678 
51696 
51714 
51732 
51750 
51786 
51804 
51822 
51840 
51858 
51876 
51894 
51912 
51930 
51948 
51966 
51984 
52002 
52020 
52038 
52056 
52074 
52092 
52110 
52128 
52146 
52164 
52182 
52200 
52218 
52236 
52254 
52272 
52290 
52308 
52326 
52344 
52362 
52380 
52398 
52416 
52434 
52452 
52470 
52488 
52506 
52524 
52542 
52560 
52596 
52614 
52632 
52668 
52686 
52704 
52722 
52740 
52758 
52776 
52794 
52812 
52830 
52848 
52866 
52884 
52902 
52920 
52938 
52956 
52974 
52992 
53010 
53028 
53046 
53064 
53082 
53100 
53118 
53136 
53154 
53172 
53208 
53226 
53244 
53262 
53280 
53298 
53316 
53334 
53352 
53370 
53388 
53406 
53424 
53442 
53460 
53478 
53496 
53514 
53532 
53550 
53568 
53622 
53640 
53658 
53676 
53694 
53712 
53730 
53748 
53784 
53802 
53820 
53838 
53856 
53874 
53892 
53928 
53946 
53964 
53982 
54000 
54018 
54036 
54054 
54072 
54090 
54108 
54126 
54144 
54162 
54180 
54198 
54216 
54234 
54252 
54270 
54288 
54306 
54324 
54342 
54360 
54378 
54396 
54414 
54432 
54450 
54468 
54486 
54504 
54522 
54558 
54576 
54612 
54630 
54648 
54666 
54684 
54702 
54720 
54738 
54756 
54774 
54792 
54810 
54828 
54846 
54864 
54882 
54900 
54918 
54936 
54972 
55026 
55044 
55062 
55098 
55152 
55170 
55188 
55206 
55224 
55242 
55260 
55278 
55314 
55332 
55350 
55368 
55386 
55404 
55422 
55440 
55458 
55494 
55512 
55530 
55548 
55566 
55584 
55602 
55620 
55638 
55656 
55674 
55692 
55710 
55728 
55746 
55764 
55782 
55800 
55818 
55836 
55854 
55872 
55890 
55908 
55926 
55944 
55962 
55980 
55998 
56016 
56034 
56052 
56070 
56088 
56106 
56124 
56142 
56160 
56178 
56196 
56214 
56232 
56250 
56286 
56322 
56358 
56376 
56394 
56412 
56430 
56448 
56466 
56484 
56502 
56538 
56556 
56574 
56592 
56610 
56628 
56646 
56664 
56682 
56700 
56718 
56736 
56754 
56772 
56790 
56826 
56844 
56862 
56880 
56898 
56916 
56934 
56988 
57006 
57024 
57042 
57060 
57078 
57096 
57114 
57132 
57168 
57186 
57204 
57222 
57240 
57258 
57276 
57294 
57312 
57348 
57366 
57384 
57402 
57420 
57438 
57456 
57474 
57492 
57510 
57528 
57546 
57564 
57582 
57600 
57618 
57636 
57654 
57672 
57690 
57708 
57726 
57744 
57762 
57780 
57798 
57816 
57834 
57852 
57870 
57888 
57906 
57924 
57942 
57960 
57978 
57996 
58014 
58032 
58050 
58068 
58086 
58104 
58122 
58140 
58158 
58176 
58194 
58212 
58230 
58248 
58266 
58284 
58302 
58320 
58338 
58356 
58374 
58392 
58410 
58428 
58446 
58464 
58482 
58500 
58518 
58536 
58554 
58572 
58590 
58608 
58626 
58644 
58662 
58680 
58698 
58716 
58734 
58752 
58770 
58788 
58806 
58824 
58842 
58860 
58878 
58896 
58914 
58932 
58950 
58968 
58986 
59004 
59022 
59040 
59058 
59076 
59094 
59112 
59130 
59148 
59166 
59184 
59202 
59220 
59238 
59256 
59274 
59292 
59310 
59328 
59346 
59364 
59382 
59400 
59418 
59436 
59454 
59472 
59490 
59508 
59526 
59544 
59562 
59580 
59598 
59616 
59634 
59652 
59688 
59706 
59724 
59742 
59760 
59778 
59796 
59814 
59832 
59850 
59868 
59886 
59904 
59922 
59940 
59958 
59976 
59994 
60012 
60030 
60048 
60066 
60084 
60102 
60120 
60138 
60156 
60174 
60192 
60210 
60228 
60246 
60264 
60282 
60300 
60318 
60336 
60372 
60408 
60426 
60444 
60462 
60480 
60498 
60516 
60534 
60552 
60570 
60588 
60606 
60624 
60642 
60660 
60678 
60696 
60714 
60732 
60750 
60768 
60786 
60804 
60822 
60840 
60858 
60876 
60894 
60912 
60930 
60948 
60966 
60984 
61002 
61038 
61056 
61074 
61092 
61110 
61128 
61146 
61164 
61182 
61200 
61236 
61254 
61272 
61290 
61308 
61326 
61344 
61362 
61380 
61398 
61416 
61434 
61452 
61470 
61488 
61506 
61524 
61542 
61578 
61596 
61614 
61632 
61650 
61668 
61686 
61704 
61722 
61740 
61758 
61776 
61794 
61830 
61848 
61866 
61884 
61902 
61920 
61938 
61956 
61974 
61992 
62010 
62028 
62046 
62082 
62100 
62118 
62136 
62154 
62172 
62190 
62208 
62226 
62262 
62280 
62298 
62316 
62334 
62352 
62370 
62388 
62406 
62424 
62442 
62460 
62478 
62496 
62514 
62532 
62550 
62568 
62586 
62604 
62622 
62640 
62658 
62676 
62694 
62712 
62730 
62748 
62766 
62784 
62802 
62820 
62838 
62856 
62874 
62892 
62910 
62928 
62946 
62964 
62982 
63018 
63036 
63054 
63072 
63108 
63126 
63144 
63180 
63198 
63216 
63270 
63288 
63306 
63324 
63342 
63360 
63378 
63396 
63414 
63432 
63450 
63468 
63486 
63504 
63522 
63558 
63594 
63612 
63648 
63666 
63684 
63738 
63756 
63774 
63792 
63810 
63846 
63864 
63882 
63900 
63918 
63936 
63954 
63972 
63990 
64008 
64026 
64044 
64062 
64080 
64098 
64116 
64134 
64152 
64170 
64188 
64224 
64242 
64260 
64278 
64296 
64314 
64332 
64350 
64386 
64404 
64422 
64440 
64458 
64476 
64494 
64512 
64530 
64548 
64566 
64584 
64602 
64620 
64638 
64656 
64674 
64692 
64710 
64728 
64746 
64764 
64782 
64818 
64836 
64854 
64872 
64890 
64908 
64926 
64944 
64998 
65016 
65034 
65052 
65070 
65088 
65106 
65124 
65142 
65160 
65196 
65214 
65232 
65250 
65268 
65286 
65304 
65322 
65340 
65358 
65376 
65412 
65430 
65448 
65466 
65484 
65502 
65520 
65538 
65556 
65574 
65610 
65628 
65646 
65664 
65682 
65700 
65718 
65736 
65754 
65772 
65790 
65808 
65826 
65844 
65862 
65880 
65898 
65916 
65934 
65970 
65988 
66006 
66024 
66060 
66078 
66096 
66114 
66132 
66150 
66168 
66186 
66204 
66222 
66240 
66258 
66276 
66294 
66312 
66330 
66348 
66366 
66384 
66402 
66420 
66438 
66456 
66474 
66492 
66510 
66528 
66546 
66564 
66582 
66600 
66618 
66636 
66690 
66708 
66726 
66762 
66798 
66834 
66852 
66870 
66888 
66906 
66924 
66942 
66960 
66978 
67014 
67050 
67068 
67086 
67104 
67122 
67140 
67158 
67176 
67194 
67212 
67230 
67248 
67266 
67284 
67302 
67320 
67338 
67356 
67374 
67392 
67410 
67428 
67446 
67464 
67482 
67500 
67536 
67554 
67572 
67590 
67608 
67626 
67644 
67662 
67680 
67698 
67716 
67734 
67752 
67788 
67806 
67824 
67860 
67878 
67896 
67914 
67932 
67950 
67968 
67986 
68004 
68022 
68040 
68058 
68076 
68094 
68112 
68130 
68148 
68166 
68184 
68202 
68220 
68238 
68256 
68274 
68292 
68310 
68328 
68346 
68364 
68382 
68400 
68418 
68436 
68454 
68472 
68490 
68508 
68526 
68544 
68562 
68580 
68598 
68616 
68634 
68652 
68670 
68688 
68706 
68724 
68742 
68760 
68778 
68796 
68814 
68832 
68850 
68868 
68886 
68904 
68922 
68940 
68958 
68976 
68994 
69012 
69030 
69048 
69066 
69084 
69102 
69120 
69138 
69156 
69174 
69192 
69210 
69228 
69246 
69264 
69282 
69300 
69318 
69336 
69354 
69372 
69390 
69408 
69426 
69444 
69462 
69480 
69498 
69516 
69534 
69552 
69570 
69588 
69606 
69624 
69642 
69678 
69714 
69750 
69768 
69786 
69804 
69822 
69840 
69858 
69876 
69894 
69912 
69930 
69948 
69966 
69984 
70002 
70020 
70038 
70056 
70074 
70092 
70110 
70128 
70146 
70164 
70200 
70218 
70236 
70254 
70272 
70308 
70326 
70344 
70380 
70398 
70416 
70434 
70452 
70470 
70488 
70506 
70524 
70542 
70560 
70578 
70596 
70614 
70632 
70650 
70668 
70686 
70704 
70722 
70740 
70758 
70776 
70794 
70812 
70830 
70848 
70866 
70884 
70902 
70920 
70938 
70956 
70974 
70992 
71010 
71028 
71046 
71064 
71082 
71100 
71118 
71136 
71154 
71172 
71190 
71208 
71226 
71244 
71262 
71280 
71298 
71316 
71334 
71352 
71370 
71388 
71406 
71442 
71460 
71478 
71496 
71514 
71532 
71568 
71586 
71604 
71622 
71640 
71658 
71676 
71694 
71712 
71730 
71748 
71766 
71784 
71802 
71820 
71838 
71856 
71874 
71892 
71910 
71928 
71946 
71964 
71982 
72000 
72018 
72036 
72054 
72072 
72090 
72108 
72126 
72144 
72162 
72180 
72198 
72216 
72234 
72252 
72270 
72288 
72306 
72324 
72342 
72360 
72378 
72414 
72432 
72450 
72468 
72486 
72504 
72522 
72540 
72558 
72576 
72594 
72612 
72630 
72648 
72666 
72684 
72702 
72720 
72738 
72756 
72774 
72792 
72810 
72828 
72846 
72864 
72882 
72900 
72918 
72936 
72954 
72972 
72990 
73008 
73026 
73044 
73062 
73080 
73098 
73116 
73134 
73152 
73170 
73188 
73206 
73224 
73242 
73260 
73278 
73296 
73314 
73332 
73350 
73368 
73386 
73404 
73422 
73440 
73458 
73476 
73494 
73512 
73530 
73548 
73566 
73584 
73602 
73620 
73638 
73656 
73674 
73692 
73710 
73728 
73746 
73764 
73782 
73800 
73818 
73836 
73872 
73890 
73908 
73926 
73944 
73962 
73980 
73998 
74016 
74034 
74052 
74088 
74106 
74124 
74142 
74160 
74178 
74196 
74214 
74232 
74268 
74286 
74304 
74322 
74340 
74358 
74376 
74394 
74412 
74430 
74448 
74484 
74502 
74520 
74538 
74556 
74574 
74592 
74610 
74628 
74646 
74664 
74682 
74700 
74718 
74736 
74754 
74772 
74790 
74808 
74826 
74844 
74880 
74898 
74934 
74952 
74970 
74988 
75006 
75024 
75042 
75060 
75078 
75096 
75114 
75132 
75150 
75168 
75186 
75204 
75222 
75258 
75276 
75294 
75312 
75330 
75348 
75366 
75384 
75402 
75420 
75438 
75456 
75474 
75492 
75510 
75528 
75546 
75564 
75582 
75600 
75618 
75654 
75672 
75690 
75708 
75726 
75744 
75762 
75780 
75798 
75816 
75852 
75870 
75888 
75906 
75924 
75942 
75960 
75978 
75996 
76014 
76032 
76050 
76068 
76086 
76104 
76122 
76140 
76158 
76176 
76194 
76212 
76230 
76266 
76284 
76302 
76338 
76356 
76374 
76392 
76410 
76428 
76446 
76464 
76482 
76500 
76518 
76536 
76554 
76572 
76590 
76608 
76626 
76644 
76662 
76680 
76716 
76734 
76752 
76770 
76788 
76806 
76824 
76842 
76860 
76878 
76896 
76914 
76932 
76950 
76968 
76986 
77004 
77040 
77058 
77076 
77094 
77112 
77130 
77148 
77166 
77184 
77202 
77220 
77256 
77274 
77292 
77310 
77328 
77346 
77364 
77382 
77400 
77418 
77454 
77472 
77490 
77508 
77526 
77544 
77562 
77580 
77598 
77616 
77634 
77652 
77670 
77688 
77706 
77724 
77742 
77760 
77778 
77796 
77814 
77832 
77850 
77868 
77886 
77904 
77922 
77940 
77958 
77976 
77994 
78012 
78030 
78048 
78066 
78084 
78102 
78120 
78138 
78156 
78174 
78192 
78210 
78228 
78246 
78264 
78282 
78300 
78318 
78336 
78354 
78372 
78390 
78408 
78426 
78444 
78462 
78480 
78498 
78516 
78534 
78552 
78570 
78588 
78606 
78624 
78642 
78660 
78678 
78696 
78714 
78732 
78750 
78786 
78804 
78840 
78858 
78876 
78894 
78912 
78930 
78948 
78984 
79002 
79020 
79038 
79056 
79074 
79092 
79110 
79128 
79146 
79164 
79182 
79200 
79218 
79236 
79254 
79272 
79290 
79308 
79326 
79344 
79380 
79398 
79416 
79434 
79452 
79470 
79506 
79542 
79560 
79578 
79596 
79614 
79632 
79650 
79668 
79722 
79740 
79758 
79776 
79794 
79812 
79830 
79848 
79866 
79884 
79902 
79920 
79938 
79956 
79974 
79992 
80028 
80046 
80064 
80082 
80100 
80118 
80136 
80154 
80172 
80190 
80208 
80226 
80262 
80280 
80316 
80334 
80352 
80370 
80388 
80406 
80424 
80442 
80460 
80478 
80496 
80514 
80532 
80550 
80568 
80586 
80604 
80622 
80640 
80658 
80676 
80694 
80712 
80730 
80748 
80766 
80784 
80802 
80820 
80838 
80856 
80874 
80892 
80910 
80928 
80946 
80964 
80982 
81000 
81018 
81036 
81054 
81072 
81090 
81108 
81126 
81144 
81162 
81180 
81198 
81216 
81234 
81252 
81270 
81288 
81306 
81324 
81342 
81360 
81378 
81396 
81414 
81432 
81450 
81468 
81486 
81504 
81522 
81540 
81558 
81576 
81594 
81648 
81666 
81684 
81702 
81720 
81738 
81756 
81774 
81792 
81810 
81828 
81846 
81882 
81900 
81918 
81936 
81954 
81972 
81990 
82008 
82026 
82044 
82080 
82098 
82116 
82134 
82152 
82170 
82188 
82224 
82242 
82260 
82278 
82296 
82332 
82350 
82368 
82386 
82404 
82422 
82458 
82476 
82494 
82512 
82530 
82548 
82566 
82584 
82602 
82620 
82638 
82656 
82674 
82692 
82710 
82728 
82746 
82764 
82782 
82800 
82818 
82836 
82854 
82872 
82890 
82908 
82926 
82944 
82962 
82980 
82998 
83016 
83034 
83052 
83070 
83088 
83106 
83124 
83142 
83160 
83178 
83196 
83214 
83232 
83250 
83268 
83286 
83304 
83322 
83340 
83358 
83376 
83394 
83412 
83430 
83448 
83466 
83484 
83502 
83520 
83538 
83556 
83610 
83646 
83664 
83682 
83700 
83718 
83772 
83790 
83808 
83826 
83862 
83880 
83898 
83916 
83934 
83952 
83970 
83988 
84006 
84024 
84042 
84078 
84096 
84114 
84150 
84168 
84186 
84204 
84258 
84276 
84294 
84312 
84330 
84348 
84366 
84384 
84402 
84420 
84438 
84456 
84474 
84492 
84510 
84528 
84546 
84564 
84582 
84600 
84618 
84636 
84654 
84672 
84690 
84708 
84726 
84744 
84780 
84798 
84816 
84834 
84852 
84870 
84888 
84906 
84924 
84942 
84960 
84978 
85014 
85032 
85050 
85068 
85086 
85104 
85122 
85140 
85158 
85176 
85194 
85212 
85230 
85248 
85284 
85302 
85320 
85338 
85356 
85374 
85392 
85428 
85446 
85482 
85500 
85518 
85536 
85554 
85572 
85590 
85608 
85626 
85644 
85662 
85680 
85698 
85734 
85752 
85770 
85788 
85806 
85824 
85842 
85860 
85878 
85896 
85914 
85932 
85950 
85968 
85986 
86004 
86022 
86040 
86058 
86076 
86094 
86112 
86130 
86148 
86166 
86184 
86202 
86220 
86238 
86256 
86274 
86292 
86310 
86328 
86346 
86364 
86382 
86400 
86418 
86454 
86472 
86526 
86544 
86562 
86580 
86598 
86616 
86634 
86670 
86688 
86706 
86724 
86760 
86796 
86814 
86832 
86850 
86868 
86886 
86904 
86922 
86940 
86958 
86976 
86994 
87012 
87030 
87066 
87084 
87102 
87138 
87156 
87174 
87192 
87228 
87246 
87264 
87282 
87300 
87318 
87336 
87390 
87408 
87444 
87462 
87480 
87498 
87516 
87534 
87552 
87570 
87588 
87606 
87624 
87642 
87660 
87678 
87696 
87714 
87732 
87750 
87768 
87786 
87804 
87840 
87858 
87876 
87912 
87930 
87948 
87966 
87984 
88002 
88020 
88038 
88056 
88074 
88092 
88110 
88128 
88146 
88218 
88236 
88254 
88272 
88290 
88308 
88326 
88344 
88362 
88380 
88398 
88416 
88434 
88452 
88470 
88488 
88506 
88524 
88542 
88560 
88578 
88596 
88614 
88632 
88650 
88668 
88704 
88722 
88740 
88758 
88776 
88794 
88812 
88848 
88866 
88902 
88938 
88956 
88974 
88992 
89028 
89046 
89064 
89082 
89100 
89118 
89136 
89154 
89190 
89208 
89226 
89244 
89262 
89280 
89298 
89316 
89334 
89352 
89370 
89388 
89406 
89424 
89442 
89460 
89478 
89496 
89514 
89532 
89550 
89568 
89586 
89604 
89622 
89640 
89658 
89676 
89712 
89730 
89748 
89766 
89784 
89802 
89820 
89838 
89856 
89874 
89892 
89910 
89928 
89946 
89964 
89982 
90000 
90018 
90036 
90054 
90090 
90108 
90126 
90144 
90198 
90216 
90234 
90270 
90288 
90306 
90324 
90342 
90360 
90396 
90414 
90432 
90450 
90468 
90486 
90504 
90522 
90540 
90558 
90576 
90594 
90630 
90648 
90666 
90684 
90702 
90720 
90738 
90756 
90774 
90810 
90828 
90846 
90864 
90882 
90900 
90918 
90936 
90954 
90972 
90990 
91008 
91026 
91044 
91062 
91080 
91098 
91116 
91134 
91152 
91170 
91188 
91206 
91260 
91278 
91296 
91314 
91332 
91350 
91368 
91386 
91404 
91422 
91440 
91458 
91476 
91494 
91512 
91530 
91548 
91566 
91584 
91602 
91620 
91638 
91674 
91692 
91710 
91728 
91746 
91764 
91782 
91800 
91818 
91836 
91854 
91872 
91890 
91908 
91926 
91944 
91962 
91980 
91998 
92016 
92034 
92052 
92070 
92088 
92106 
92124 
92142 
92160 
92178 
92196 
92214 
92232 
92250 
92268 
92286 
92304 
92322 
92340 
92358 
92376 
92394 
92412 
92430 
92448 
92466 
92484 
92502 
92520 
92538 
92556 
92574 
92592 
92610 
92646 
92664 
92682 
92700 
92718 
92736 
92754 
92772 
92790 
92826 
92844 
92880 
92898 
92916 
92934 
92952 
92970 
93024 
93042 
93060 
93078 
93114 
93150 
93168 
93186 
93204 
93222 
93240 
93258 
93276 
93294 
93312 
93330 
93348 
93366 
93384 
93402 
93420 
93438 
93456 
93474 
93492 
93510 
93528 
93546 
93564 
93582 
93600 
93618 
93672 
93690 
93708 
93726 
93744 
93762 
93780 
93798 
93816 
93834 
93852 
93870 
93888 
93906 
93924 
93942 
93960 
93978 
93996 
94014 
94032 
94050 
94068 
94086 
94104 
94122 
94140 
94158 
94176 
94194 
94212 
94230 
94248 
94266 
94284 
94302 
94320 
94338 
94356 
94374 
94392 
94410 
94428 
94446 
94464 
94482 
94500 
94518 
94554 
94572 
94590 
94608 
94644 
94662 
94680 
94698 
94716 
94734 
94752 
94770 
94788 
94824 
94842 
94860 
94878 
94896 
94914 
94932 
94950 
94968 
94986 
95004 
95022 
95058 
95076 
95094 
95112 
95130 
95148 
95166 
95184 
95202 
95220 
95238 
95256 
95292 
95310 
95328 
95346 
95364 
95382 
95400 
95418 
95436 
95454 
95472 
95490 
95508 
95526 
95544 
95562 
95580 
95598 
95616 
95634 
95652 
95670 
95688 
95706 
95724 
95742 
95778 
95796 
95814 
95832 
95850 
95868 
95886 
95904 
95922 
95940 
95958 
95976 
95994 
96012 
96030 
96048 
96066 
96084 
96102 
96120 
96138 
96156 
96174 
96192 
96210 
96228 
96246 
96264 
96282 
96300 
96318 
96336 
96354 
96372 
96390 
96408 
96426 
96444 
96462 
96480 
96498 
96516 
96534 
96570 
96588 
96606 
96624 
96642 
96660 
96678 
96696 
96714 
96732 
96750 
96768 
96786 
96804 
96822 
96840 
96858 
96876 
96894 
96930 
96948 
96966 
96984 
97002 
97020 
97038 
97056 
97074 
97092 
97110 
97128 
97146 
97164 
97200 
97218 
97236 
97254 
97272 
97290 
97308 
97344 
97398 
97416 
97434 
97452 
97470 
97488 
97506 
97542 
97560 
97578 
97596 
97614 
97632 
97650 
97668 
97686 
97704 
97722 
97740 
97758 
97776 
97794 
97812 
97830 
97866 
97884 
97902 
97920 
97938 
97956 
97974 
97992 
98010 
98028 
98046 
98064 
98082 
98100 
98118 
98154 
98172 
98190 
98208 
98226 
98262 
98280 
98298 
98316 
98334 
98352 
98388 
98406 
98442 
98460 
98478 
98496 
98514 
98532 
98568 
98586 
98604 
98622 
98640 
98658 
98676 
98694 
98712 
98730 
98748 
98766 
98784 
98802 
98820 
98838 
98856 
98874 
98892 
98910 
98928 
98946 
98964 
98982 
99000 
99018 
99036 
99054 
99072 
99108 
99126 
99144 
99162 
99180 
99198 
99216 
99234 
99252 
99270 
99288 
99306 
99324 
99342 
99360 
99378 
99414 
99432 
99450 
99468 
99486 
99504 
99522 
99540 
99558 
99576 
99594 
99612 
99630 
99648 
99666 
99684 
99702 
99720 
99738 
99756 
99774 
99792 
99810 
99828 
99846 
99864 
99882 
99900 
99918 
99936 
99972 
99990 
